b'surfaces.s1': {b'topic': b'surfaces.s1', b'name': b's1', b'surf_to_img_trans': [[294.05611086300075, -96.47391890582557, 638.8215322510326], [-41.30899114894361, -465.7604628600358, 524.7640883194283], [-0.09794057740303157, -0.1948656827345937, 1.0]], b'img_to_surf_trans': [[0.002797986116959339, 0.00021560522690254065, -1.900555658785497], [7.764047803471326e-05, -0.002745034110292026, 1.3908969131502897], [0.00028916584062073846, -0.0005137964456178571, 1.0848965579864194]], b'surf_to_dist_img_trans': [[366.5557713035294, -56.69495696359972, 628.6977926941217], [-8.624739091832273, -427.39945293673304, 528.9274880440986], [0.0020306475361588296, -0.12180090467625612, 0.9999999999999999]], b'dist_img_to_surf_trans': [[0.0027416197579625116, 0.0001501647756747816, -1.8030765678279914], [-7.325680647028424e-05, -0.0027590185157625774, 1.505377125537145], [-1.4490008708364974e-05, -0.0003363558829701651, 1.1870177087593319]], b'gaze_on_surfaces': [{b'topic': b'gaze.3d.1._on_surface', b'norm_pos': [-0.04546284303069115, 0.7086194157600403], b'confidence': 0.40707329831640954, b'on_surf': False, b'base_data': [b'gaze.3d.1.', 422728.503425], b'timestamp': 422728.503425}, {b'topic': b'gaze.3d.0._on_surface', b'norm_pos': [-0.4439723491668701, 0.9283835291862488], b'confidence': 0.3359649075938324, b'on_surf': False, b'base_data': [b'gaze.3d.0.', 422728.58609], b'timestamp': 422728.58609}, {b'topic': b'gaze.3d.1._on_surface', b'norm_pos': [-0.04441796615719795, 0.7087825536727905], b'confidence': 0.44622420242243216, b'on_surf': False, b'base_data': [b'gaze.3d.1.', 422728.51275], b'timestamp': 422728.51275}, {b'topic': b'gaze.3d.0._on_surface', b'norm_pos': [-0.44509491324424744, 0.9329554438591003], b'confidence': 0.3331622934423185, b'on_surf': False, b'base_data': [b'gaze.3d.0.', 422728.595728], b'timestamp': 422728.595728}, {b'topic': b'gaze.3d.1._on_surface', b'norm_pos': [-0.21547852456569672, 0.628467857837677], b'confidence': 0.8663497567176819, b'on_surf': False, b'base_data': [b'gaze.3d.1.', 422728.523732], b'timestamp': 422728.523732}, {b'topic': b'gaze.3d.0._on_surface', b'norm_pos': [-0.4310647249221802, 0.9597629308700562], b'confidence': 0.3295446402436845, b'on_surf': False, b'base_data': [b'gaze.3d.0.', 422728.60347699997], b'timestamp': 422728.60347699997}, {b'topic': b'gaze.3d.1._on_surface', b'norm_pos': [0.26923006772994995, 0.6499178409576416], b'confidence': 0.2817955256619722, b'on_surf': True, b'base_data': [b'gaze.3d.1.', 422728.530026], b'timestamp': 422728.530026}], b'fixations_on_surfaces': [], b'timestamp': 422728.563974}

b'surfaces.s2': {b'topic': b'surfaces.s2', b'name': b's2', b'surf_to_img_trans': [[7588.117311828451, -157.91222429606236, 264.6886871198407], [151.69928608684148, -516.0407953386066, 524.5896060239033], [5.765738160469068, -0.2583781937170693, 1.0]], b'img_to_surf_trans': [[0.00014841354249436593, -3.491827177248683e-05, -0.020965623281473958], [-0.0011205944076080837, -0.00236448284041606, 1.5369917842477603], [-0.0011452507844173893, -0.00040960119332544983, 1.518007455183925]], b'surf_to_dist_img_trans': [[8491.491959772278, -85.90091241070657, 297.4681537643356], [776.7952499883371, -437.78414300597916, 514.204010315023], [7.2820619679595495, -0.11736618253879408, 1.0]], b'dist_img_to_surf_trans': [[0.00014867195480898916, -2.0084352084219157e-05, -0.03389771752728037], [-0.0011689708779019773, -0.0024915516703708633, 1.6288974696655678], [-0.0012198360372551187, -0.0001461684116859826, 1.438022757367793]], b'gaze_on_surfaces': [{b'topic': b'gaze.3d.1._on_surface', b'norm_pos': [0.09662947803735733, 0.4064262807369232], b'confidence': 0.40707329831640954, b'on_surf': True, b'base_data': [b'gaze.3d.1.', 422728.503425], b'timestamp': 422728.503425}, {b'topic': b'gaze.3d.0._on_surface', b'norm_pos': [0.05123017355799675, 0.7581911087036133], b'confidence': 0.3359649075938324, b'on_surf': True, b'base_data': [b'gaze.3d.0.', 422728.58609], b'timestamp': 422728.58609}, {b'topic': b'gaze.3d.1._on_surface', b'norm_pos': [0.09679295867681503, 0.40633830428123474], b'confidence': 0.44622420242243216, b'on_surf': True, b'base_data': [b'gaze.3d.1.', 422728.51275], b'timestamp': 422728.51275}, {b'topic': b'gaze.3d.0._on_surface', b'norm_pos': [0.05116194486618042, 0.7635045051574707], b'confidence': 0.3331622934423185, b'on_surf': True, b'base_data': [b'gaze.3d.0.', 422728.595728], b'timestamp': 422728.595728}, {b'topic': b'gaze.3d.1._on_surface', b'norm_pos': [0.07272960990667343, 0.3470701575279236], b'confidence': 0.8663497567176819, b'on_surf': True, b'base_data': [b'gaze.3d.1.', 422728.523732], b'timestamp': 422728.523732}, {b'topic': b'gaze.3d.0._on_surface', b'norm_pos': [0.05264124274253845, 0.7942423224449158], b'confidence': 0.3295446402436845, b'on_surf': True, b'base_data': [b'gaze.3d.0.', 422728.60347699997], b'timestamp': 422728.60347699997}, {b'topic': b'gaze.3d.1._on_surface', b'norm_pos': [0.16069862246513367, 0.1531411111354828], b'confidence': 0.2817955256619722, b'on_surf': True, b'base_data': [b'gaze.3d.1.', 422728.530026], b'timestamp': 422728.530026}], b'fixations_on_surfaces': [], b'timestamp': 422728.563974}

b'surfaces.s3': {b'topic': b'surfaces.s3', b'name': b's3', b'surf_to_img_trans': [[708.8331301846882, -19.772555066442187, 264.83271787807706], [-19.25136495322524, -222.01430154461607, 523.7623728291838], [-0.05864944470030271, -0.04801461986678634, 1.0]], b'img_to_surf_trans': [[0.0013813024987662842, -4.951313338876089e-05, -0.33988097873014894], [8.045778287213918e-05, -0.005082480020684687, 2.640703942178258], [8.487577437571332e-05, -0.0002469372639523344, 1.1068585652976946]], b'surf_to_dist_img_trans': [[663.9795283480823, -20.75769232595825, 300.85988896803156], [-7.161837887886428, -196.19366976415228, 512.2346026581978], [-0.0285332475827793, -0.034680741459072614, 1.0]], b'dist_img_to_surf_trans': [[0.0014878012928426954, -8.608207080047786e-05, -0.40352551643866946], [6.215296261550547e-05, -0.005608066397811654, 2.8539463295323078], [4.46073134700435e-05, -0.000196948101866407, 1.0874630813260657]], b'gaze_on_surfaces': [{b'topic': b'gaze.3d.1._on_surface', b'norm_pos': [0.4858745336532593, 1.3923715353012085], b'confidence': 0.40707329831640954, b'on_surf': False, b'base_data': [b'gaze.3d.1.', 422728.503425], b'timestamp': 422728.503425}, {b'topic': b'gaze.3d.0._on_surface', b'norm_pos': [0.29046595096588135, 1.8161499500274658], b'confidence': 0.3359649075938324, b'on_surf': False, b'base_data': [b'gaze.3d.0.', 422728.58609], b'timestamp': 422728.58609}, {b'topic': b'gaze.3d.1._on_surface', b'norm_pos': [0.4863966405391693, 1.3927956819534302], b'confidence': 0.44622420242243216, b'on_surf': False, b'base_data': [b'gaze.3d.1.', 422728.51275], b'timestamp': 422728.51275}, {b'topic': b'gaze.3d.0._on_surface', b'norm_pos': [0.2898675799369812, 1.8257259130477905], b'confidence': 0.3331622934423185, b'on_surf': False, b'base_data': [b'gaze.3d.0.', 422728.595728], b'timestamp': 422728.595728}, {b'topic': b'gaze.3d.1._on_surface', b'norm_pos': [0.4022769033908844, 1.2155290842056274], b'confidence': 0.8663497567176819, b'on_surf': False, b'base_data': [b'gaze.3d.1.', 422728.523732], b'timestamp': 422728.523732}, {b'topic': b'gaze.3d.0._on_surface', b'norm_pos': [0.2962934076786041, 1.8844683170318604], b'confidence': 0.3295446402436845, b'on_surf': False, b'base_data': [b'gaze.3d.0.', 422728.60347699997], b'timestamp': 422728.60347699997}, {b'topic': b'gaze.3d.1._on_surface', b'norm_pos': [0.6448684930801392, 1.2935705184936523], b'confidence': 0.2817955256619722, b'on_surf': False, b'base_data': [b'gaze.3d.1.', 422728.530026], b'timestamp': 422728.530026}], b'fixations_on_surfaces': [], b'timestamp': 422728.563974}